00000000   00000000  00000000
00000000   00000000  00000000
00000000   00000000  00000000
00000000   00000000  00000000
00010101   01010101  01010000
00000000   00000000  00000000
00010001   11111111  10001000
00000011   11111111  11000000

00010011             11001000
00000011             11000000
00010011             11001000
00000011             11000000
00010011             11001000
00000011             11000000
00010011             11001000
00000011             11000000

00000011   11111111  11000000
00010001   11111111  10010000
00000000   00000000  00000000
00010101   01010101  01010000
00000000   00000000  00000000
00000000   00000000  00000000
00000000   00000000  00000000
00000000   00000000  00000000

00, 00, 00, 00, 15, 00, 11, 03
00, 00, 00, 00, 55, 00, FF, FF
00, 00, 00, 00, 50, 00, 88, C0
13, 03, 13, 03, 13, 03, 13, 03
C8, C0, C8, C0, C8, C0, C8, C0
03, 11, 00, 15, 00, 00, 00, 00
FF, FF, 00, 55, 00, 00, 00, 00
C0, 90, 00, 50, 00, 00, 00, 00

00011000
00100100
01000010
10000001
10000001
01000010
00100100
00011000

00111100
01111110
11111111
11111111
11111111
11111111
01111110
00111100

00011000
00111100
01011010
11111111
11011011
01100110
00111100
00011000

00011000
00111100
01011010
11100111
11100111
01011010
00111100
00011000

18, 24, 42, 81, 81, 42, 24, 18
3C, 7E, FF, FF, FF, FF, 7E, 3C
18, 3C, 5A, FF, DB, 66, 3C, 18
18, 3C, 5A, E7, E7, 5A, 3C, 18


10000000
01011000
00101100
01101110
01111110
00111100
00011000
00000000

80, 58, 2C, 6E, 7E, 3C, 18, 00

